165191	164183
204605	192277
258454	245583
154689	163725
258456	245585
215745	219878
273619	270827
258459	245588
258460	274401
258461	234765
266976	234764
273644	269476
155673	165307
258136	251126
258137	251127
204294	251128
231631	197747
258141	277834
258142	251132
204285	197699
266892	264933
204287	163738
231634	251136
204297	251137
258149	251138
273547	221210
258151	251140
258152	271986
231638	229534
258154	251146
159953	197670
266894	264936
258157	251151
258158	251152
266895	139626
266852	259257
258014	233117
266853	259258
204193	178199
258017	233120
258018	259260
222955	267431
258020	233124
222956	161607
258022	233126
204181	177754
258024	233130
258025	233131
204184	179257
258029	259265
258030	233136
145226	155248
162119	178942
258033	233139
258034	267434
273514	267435
231595	223681
273515	267436
258038	233144
258039	233145
258040	233146
258041	233147
204177	178308
258043	233149
160968	160971
204192	233151
258046	233152
266858	259269
258048	267437
253317	206240
213818	206236
230166	216719
199788	180644
265520	259809
253323	234747
253324	138278
278212	267868
272463	267867
253327	234743
278214	259806
253329	259805
253330	234740
272464	267866
145125	155147
253333	180757
199780	179857
253335	234735
272465	267865
272466	167385
199636	181167
272467	259801
221755	259800
199739	180167
265528	259799
253344	234725
253345	234724
272469	267860
278219	274388
151583	160808
272471	274387
253349	234719
253350	234718
253351	234717
230181	224213
175347	206215
199754	180836
175350	158882
278223	206213
199637	180571
253360	234707
199700	180319
175357	206207
199737	181138
155345	165245
199666	181172
272478	267853
253367	180977
253368	234698
159696	180909
253373	234694
151572	151574
140514	140525
265539	267851
253377	234690
253378	234689
253379	234688
213848	234687
272480	267850
221769	267849
272482	267848
158145	158150
175366	167363
199764	224199
272484	267846
253387	234678
253388	234677
253389	234676
253390	234675
253391	234674
265544	259782
253393	234672
140173	180508
253395	234668
265545	206190
199693	179831
253397	234666
253398	234665
253399	152939
213854	259779
265547	259778
213857	206186
253404	234659
253405	234658
159775	179872
199695	179987
265551	259775
253409	234654
253410	234653
157277	181187
230203	224189
253415	179727
221775	216688
253417	159922
272488	216687
143958	143959
253421	234645
272490	267839
213866	267837
272493	267836
145620	145626
253428	234640
272494	206171
253430	234638
272495	259769
175390	167335
163747	163752
278240	267832
221786	216677
272499	267830
253436	234632
163263	163259
253439	234629
253440	234628
199785	224180
253442	234626
253443	234625
199722	180955
230215	181357
213880	167327
199709	259762
199683	234617
139790	139902
221791	206154
253452	234614
199718	180155
199678	180364
143012	224174
230220	224173
253458	234608
175400	267823
253460	234606
253461	234605
272505	267822
253464	234602
253465	206149
141495	140441
204656	179192
258521	232967
154539	152382
257028	241683
273300	269781
278925	209669
257031	241686
257032	243382
257034	241687
273302	269783
266575	269784
203199	189282
203171	189533
257039	241692
203185	155027
257041	241696
273304	218757
140334	150085
257044	170927
203168	170931
203156	241701
273305	269788
231304	269789
273306	269790
203201	269791
137676	226705
203189	189017
257052	241708
257053	241709
257054	241710
257056	234624
257057	241711
278931	276030
257059	241713
266580	155055
257061	241715
176914	170947
266582	262227
165693	189483
257065	241721
266583	262228
266584	276035
266585	262230
203204	241726
273310	269797
257071	241728
138598	188828
231316	226718
257076	237946
222728	209706
164239	209709
215220	269800
257081	241735
266589	209715
257083	239494
203164	189569
273314	269805
203179	189308
257088	241743
202035	186931
255835	240549
266260	269513
273073	269511
273074	269510
255840	240544
255841	240543
278720	269508
273077	218452
255844	240540
255845	240539
255846	240538
255847	240537
255848	240536
202028	187456
214794	209263
266266	261864
255852	186875
255853	240531
222448	269507
266268	261862
255856	234791
255857	240528
266269	226362
273080	218448
273081	218447
163609	154032
152738	152734
255864	209258
214797	218446
202031	187507
273083	269504
141707	240515
176440	226355
273085	269502
145448	218441
273086	269500
201986	269498
266278	261853
202012	187422
255877	240506
201993	186665
255879	240503
255880	240502
255881	240501
214803	209242
273091	269494
255884	240498
255885	234014
255888	234012
255889	238532
230953	261851
202014	186772
255892	240494
255893	240493
255894	186477
202007	170472
176453	170468
255897	240488
273092	218431
201964	269490
273093	269489
273096	269487
201954	187550
278732	209219
202005	187228
176463	209218
255908	240480
202025	269483
153942	226334
159906	161235
255912	170453
255913	240475
163060	187222
255915	240473
176468	170452
255917	240471
214824	275781
176475	269481
273102	209201
255921	240466
255922	240465
255924	240461
143071	143063
266291	209199
266292	261834
266293	261833
255929	240456
230972	186975
201974	240454
201990	209197
266295	170432
258697	246279
273626	267555
223083	267556
204716	257317
258604	257319
258740	248002
266952	274212
204519	181057
273595	267667
258374	234146
258375	234147
279173	205828
177501	259563
204518	180596
164771	186625
153279	151142
177511	208648
273606	269205
273607	269202
258404	239752
204558	239751
258406	239750
215809	272021
273556	267274
273557	267273
258219	232567
258220	273874
258221	232562
258222	232561
258223	232560
204373	177644
258226	259059
258227	232554
204380	137578
204376	177746
204379	232551
215640	273871
203286	142880
257149	240934
163062	162202
257151	240936
215269	209345
257154	240939
176980	209350
203294	188013
203300	209351
257158	240945
203322	188167
257160	240947
257161	240948
257162	226448
143557	143558
257164	261966
257165	240952
203328	187856
257167	240957
257168	240958
257169	240959
203305	240960
257171	233635
257172	240964
203311	187945
257174	240966
257175	240967
257176	261967
257177	246818
257178	240969
257179	240970
257180	240971
222759	269579
257184	188012
154593	188102
273338	269584
266618	188068
215280	159626
257193	240984
273641	269522
258614	240564
253467	236569
253468	236568
265567	260334
165171	236565
265568	157815
253473	236562
253474	236561
230223	268257
164840	164287
253477	236557
199834	206876
253480	233803
253481	252724
253483	236555
272507	268255
253485	236553
253486	236552
253490	236548
265571	260330
253492	236546
199815	183600
253494	236544
199811	150466
199812	155366
253498	236541
272508	268254
160513	183396
253508	236531
253509	236530
272509	268253
138546	224738
278248	206868
253519	236521
221802	217116
253521	236519
253522	236518
253523	236517
199793	224733
230232	183559
199806	183392
253532	236508
272515	268242
253537	236502
253539	236481
253540	236482
253542	236484
253544	236485
253545	236486
253546	183319
253547	236488
253548	157255
265580	260315
253550	236492
253551	236493
253553	236494
253554	236495
253555	236496
253559	236499
265582	260318
253561	236478
253562	236477
253563	236476
253564	236475
253566	260314
253567	236472
253568	236471
272521	268233
199825	236469
253571	236468
199807	182865
160746	160743
253576	236464
253577	236461
265585	260312
253581	236460
265586	260311
253584	236456
142690	190657
272005	271668
251258	249601
251260	249599
197795	196320
251265	249595
229566	164313
251268	249593
251269	249592
137696	196310
174596	229103
251274	164315
221238	249587
251276	249586
251277	249585
251279	196268
251281	249583
229568	229100
272006	271667
251288	249576
251289	249575
251290	147726
251291	249573
251293	249571
197788	212652
251295	249568
251296	249567
272008	271665
251302	249562
251303	249561
251304	236983
251305	249559
251306	249557
251307	229096
251308	249555
251309	249554
197893	196245
251312	249552
157512	196285
251319	249545
251320	233517
251326	249541
155297	155328
174598	212647
251329	249538
251330	249535
264967	220851
251332	249533
251333	249532
142390	196165
251337	249528
251338	249527
251339	249526
251340	229090
264968	264505
264969	277566
251345	249520
251346	249519
155554	155514
143886	196154
197892	196221
272012	271662
251351	249514
272013	271659
251355	229085
251360	249508
251361	249507
251362	249506
251363	249505
197849	196266
221252	220843
251368	249499
251369	249500
213184	249502
272017	271658
251376	243246
197866	196263
197881	196314
146864	161963
251381	249491
197897	196134
272019	264499
251385	249488
251388	249485
153824	153831
251391	271655
251392	249476
251395	249478
251397	264497
264982	220837
251399	249475
197784	159940
264984	264495
213189	212642
229590	229079
251410	249465
251412	249464
251414	249462
251415	249461
251416	249460
251418	249459
251419	249458
251420	249457
137695	196290
251422	249455
251423	249454
251424	229076
272024	271653
251426	249450
197859	196332
197816	196299
141242	141241
251430	249446
251431	249445
251432	249444
251433	249443
272026	271652
197886	196261
273645	267232
267014	166349
272049	218547
251609	240993
251610	261976
251613	240997
174643	209364
265022	209369
198051	165323
251619	241004
160333	160336
251623	241008
272051	226456
265025	261982
221294	269590
251628	241013
251629	241014
251630	241015
251633	241016
198124	261984
198125	241020
251637	188287
265027	241024
251639	241025
251640	241026
251641	241027
251642	241028
272054	275864
221298	269594
251646	241038
141641	141647
251648	241036
229638	187830
229639	241034
165903	165905
163741	209380
251654	241044
251655	241045
272055	269596
251658	241049
251660	241052
265031	261992
251662	241054
265032	241053
251664	241056
251665	241057
251666	241058
221300	269597
221301	218560
251668	241060
265033	261994
251670	241062
265034	261995
198039	188077
272057	218561
198025	188063
265036	261996
251676	241069
140761	188229
272060	269601
198108	188091
251682	143363
251683	241077
251684	241079
251689	188209
198007	188283
251692	241085
251693	241086
251694	241087
251695	241088
251696	241090
272061	218566
277888	269602
251699	241093
251700	241095
198079	141010
251702	241097
251703	241098
213229	241099
221309	269603
251706	241101
251709	241103
251710	241104
198041	209386
229650	269604
265043	262004
198094	188090
251718	187927
251719	241114
251720	241115
251721	241116
163337	163321
251723	241118
149165	275874
251725	241120
154726	241121
159299	159298
265045	262010
272066	269607
150175	159611
265047	262012
272067	269609
272069	269610
251735	241131
272070	269612
251738	241134
251739	241135
272072	269613
198061	188131
251743	241139
251744	241140
272074	269616
251746	241143
265053	209402
272076	269618
154608	241146
251751	241147
198110	187896
272077	269619
198072	241151
145212	188033
251757	241153
265056	262021
265057	209406
265058	262023
251761	241162
272080	269622
229665	226500
198047	188349
251766	187993
265062	140709
251768	241169
251769	262028
251770	241171
251771	226502
154019	187911
265063	187807
265064	262030
141649	152968
277902	209415
149886	149859
251778	241180
251779	241181
251780	241182
265066	262032
251783	269626
265067	209416
251785	241187
251786	241188
251787	262035
162849	162168
251789	241192
258574	246482
140644	193455
273635	270962
258577	246486
258737	232771
223127	267342
141462	148527
257775	195029
257777	248430
257778	248431
177229	173652
215497	195174
273464	271391
215501	173657
266771	212269
204002	195287
273467	271394
257786	248439
257787	248440
273468	271395
147839	157499
146214	156363
279067	277358
257791	195049
231541	228764
257793	248446
222907	220550
257795	157516
266776	248449
273471	271398
257801	248453
203991	194909
203945	194970
203976	194811
273472	264221
215511	212283
273473	212285
257808	194979
257809	248461
273474	271402
145218	155232
203960	195196
145517	155585
257812	240955
204005	212289
204663	241747
231758	226726
258624	246367
258729	240866
253155	208394
175260	275420
253158	239221
142453	185852
253160	239152
199505	185991
253162	165714
253163	152339
272430	269066
253166	185166
272431	269067
253168	239229
230109	239230
230110	185515
253172	275423
155604	165540
143907	162725
213763	208407
253176	186096
265482	261338
199438	225787
199589	225788
199448	225789
161240	161237
253182	239245
253183	239246
199457	185735
175269	169632
221716	217988
253187	239250
175272	169635
230117	239252
149371	186034
175273	208417
253193	239256
221719	217991
253195	239262
199490	149389
253197	239264
253199	239266
199568	185174
253201	239268
272437	269076
199459	186177
265489	208429
253205	239273
199524	225801
199621	185881
253208	239283
272439	269079
253210	239285
278189	275433
163332	165906
253213	239288
144825	155576
159891	160803
253215	239291
265492	185939
199479	185248
272441	269081
253219	225808
272442	269082
253221	186302
272443	269083
140081	149910
213791	208444
253225	225813
253226	225814
265497	261356
253228	239304
253229	239305
253231	239306
199500	185375
158781	186340
253234	244111
253235	239309
253236	154128
253237	149334
253238	239312
199611	185021
140016	140013
199622	185784
253242	152225
230137	275439
253245	185721
272446	269087
253247	269088
253248	239324
278198	275442
253250	239326
272448	218009
230141	169676
272449	269092
253255	185382
253256	225823
199548	225827
253260	239343
272451	269097
136703	239345
230146	225831
199496	185201
162293	186391
253265	239348
265506	208461
253267	136399
140887	150590
253269	239352
253270	239353
278203	269100
163939	163946
230151	162433
199577	185490
199473	185617
199578	185767
162328	185644
278204	261371
199520	185246
272455	275452
265510	208467
199504	185501
213806	275453
253285	247542
199511	186062
199618	218022
199572	185477
199584	208472
253290	239375
265512	261377
199450	185231
199519	239378
253295	249638
253296	239379
253297	239380
253298	143165
272456	269103
199483	239383
253301	239384
253302	186050
213811	261379
272457	269104
165124	165136
141072	185765
149008	149007
160812	160926
199512	186105
163793	163791
146866	146869
253311	239394
272459	269106
213815	169705
258752	233088
155133	188936
243108	242107
243109	242108
243110	242110
171765	209933
243112	144249
243113	242113
190835	189577
243115	242115
243116	226883
190946	188474
190427	226884
243119	242120
243120	242121
270233	269931
138481	138486
243126	242126
243128	242128
190712	189048
243131	242130
270234	269932
243133	189594
262755	262389
243135	226887
190337	188538
227274	188470
190838	189352
262756	262390
243140	242140
276407	276154
276408	209945
190405	189311
190506	188478
276409	209949
165449	165443
153590	143661
151296	151298
243149	242149
243150	242150
210464	209953
243152	242152
165963	165105
155165	155164
227282	276158
243154	242155
171788	171218
243157	242158
243158	242159
270236	269935
243160	242161
227284	189510
276411	209960
190786	242165
227286	226900
243166	269936
210476	209964
190825	189026
243169	242170
243170	242171
243171	242172
243172	189284
227290	188597
262767	262402
190745	189250
243177	242177
270240	269940
262770	171245
171816	171246
190485	140795
190637	226908
243183	242184
210495	141404
210498	209986
243185	242186
243186	242187
190488	189616
270242	171253
243190	236930
243192	242190
243193	242191
262774	262409
270243	269943
270244	269944
262777	262412
190616	188832
270245	218919
243204	242198
270247	269947
243208	239668
243209	242201
243210	242202
243211	242203
219250	269949
243213	242204
243215	242205
262780	262415
243217	242207
262782	262417
243222	242215
243223	242216
243224	242217
243225	188935
262783	262419
243230	242223
270248	269951
243232	242225
190456	163345
243234	242227
270249	189325
210508	262423
243237	242230
243238	242231
243239	242232
243240	242233
262787	262424
171835	269953
270251	269954
262789	269955
243249	242239
243263	242240
270258	269957
243266	242242
165805	162373
243268	242244
243269	242245
243270	242246
243271	242247
190978	188442
155025	164848
243274	242250
243275	242251
243277	242253
150076	140299
243280	242256
243281	242257
270259	269958
243283	242259
243284	242260
210518	188530
243286	242264
243287	242265
243288	242266
227318	226929
243290	242269
171845	226930
243292	158094
262800	262431
243294	242273
243295	242274
270262	269960
270263	269961
270264	269962
163980	163975
243299	242278
243300	242279
219269	269964
243302	242281
262805	262436
243305	242284
164610	164950
243307	188473
157948	188884
210521	210013
243310	242289
243311	242290
165776	165775
190540	189181
243316	242295
243317	262438
210525	269966
270270	269967
270272	210017
262813	210020
243326	242303
243327	242304
270273	269970
190799	242306
262815	269971
243332	242308
171860	210022
270276	269973
270277	269974
262819	262448
270278	269975
243343	242314
243349	242316
243350	242317
227336	188526
190922	269976
270281	262451
190696	189106
243356	188610
190932	188885
243358	139639
243359	242326
243360	242327
270282	269977
243362	242329
210539	171300
210542	210031
262828	262455
227344	226952
190774	189259
270286	269981
210547	276202
227347	242337
210548	276203
270288	269983
276458	276205
155417	165291
270294	269986
243378	242343
190702	242344
270296	269988
190757	189566
243386	242349
243387	242350
243388	242351
210555	188848
243390	242353
190795	242354
171888	171314
243393	242356
190533	189330
270297	269990
270298	269991
243397	242360
262843	262468
243399	242363
151415	242364
210564	210046
210566	210048
190836	189141
155508	165499
270301	171328
227359	226968
157561	158036
270302	269995
262849	262474
243410	242374
190411	188740
227363	188631
190994	189574
190587	188775
227365	188982
155106	226974
276470	210060
165827	242381
270306	269999
190732	242384
243421	242385
262852	262478
270307	262479
165940	242388
190917	226979
190746	188689
164170	164171
243430	242393
190528	188937
171929	171358
243436	232589
243437	235072
243438	235071
243439	235070
243440	235069
243441	235068
165730	165731
190651	189436
243447	242398
243448	188960
190796	189611
162345	162357
190964	188543
270315	262486
243454	242404
171937	276226
243456	242406
270317	270010
243458	242408
227384	188996
243460	242410
243461	242411
243462	189423
243463	242413
190853	188693
210609	210094
270318	218988
243467	242417
190406	189278
262863	262489
243470	242421
262864	242424
227388	226993
243473	242426
243474	242429
270319	270013
270320	270014
243477	242431
243479	242432
210612	226996
149269	242434
210613	210096
243483	270015
243484	242437
243485	242438
227392	226998
262870	262494
142005	242441
190821	189573
219328	218993
243491	242443
243492	242444
243493	242445
243494	242446
243495	242447
270325	270017
190338	262497
151693	151692
262875	189479
243503	242457
139422	189029
276489	210104
138205	138206
276490	262498
190547	189188
270328	270020
190779	242464
243511	242465
243513	242466
243514	242467
243516	242468
243517	242469
243518	242470
243519	242471
190372	188718
243521	242473
243522	242476
190612	189149
190415	210108
270330	270022
243526	242480
190567	181012
190339	148219
270356	268229
243608	206855
262912	260308
243610	236448
210694	181800
151940	151936
243613	236445
149359	149358
243615	224720
190543	182071
210697	268227
243618	236439
243619	236438
270359	268226
243621	236436
243622	236435
270360	268225
154542	154543
172027	206847
243628	236431
190699	148780
190484	236429
243636	236424
153682	152132
243638	236422
190887	181536
270365	268221
243641	236419
270366	268016
190996	182199
152332	142470
210715	206483
276524	274528
270371	268021
154125	224447
210717	274530
262929	167654
243664	235486
190734	274533
262930	235497
162886	162891
262931	260002
270372	268024
270375	268026
190859	182171
210723	167665
190598	206499
243676	235511
190692	182513
243678	235513
243679	235514
190591	181518
262936	260007
262937	260008
243683	235518
243684	235519
243685	235520
262938	260009
190945	235522
243688	235523
243689	235524
270378	268031
258305	232767
231694	178992
177453	166535
273578	267338
258309	232764
258310	232763
266937	259139
157497	157498
204458	177662
258314	232756
273581	267334
266940	259136
256040	243554
256041	243553
256042	190429
256043	190809
256044	243550
202180	243549
256046	171969
273117	270334
256048	243546
256049	243544
161898	165899
202219	190753
256052	247372
273118	270333
230999	227411
151614	151616
153565	210636
150619	150621
222496	219337
256060	243534
202161	190972
202127	227407
256063	243531
214862	208602
202113	187512
256068	239670
202111	239671
202139	186887
273121	269181
273123	269183
231007	225946
202208	187292
266325	275518
256077	239680
164256	164903
163679	154052
278758	269185
157250	147433
138320	148208
256083	239688
256084	239689
256085	239694
202197	186879
202117	151165
214868	275522
202218	208615
202134	225959
256090	239701
161714	261477
266330	261478
256093	239704
214870	169849
273126	269188
222503	218117
214874	187521
256097	239709
256099	239711
256100	239712
222504	261484
266335	261485
266336	261486
273129	269192
222507	218121
273131	269194
153729	153713
273133	261492
163528	163527
266342	169868
256111	239725
256112	239726
202137	187587
202186	186797
256116	261494
202142	187208
273136	269198
256119	239733
231027	186511
256123	239737
202165	187111
161051	151993
256126	239740
252324	238235
272216	268806
252327	238232
265245	260999
221481	260998
198714	183986
252332	238227
252333	238226
252334	238225
252335	238224
252336	238221
252337	238220
265246	260997
213472	207890
272218	268801
252341	238216
252342	232434
252343	238215
252344	260994
265249	260993
198824	238212
198852	184681
252349	238210
272219	268800
252351	238208
265251	238207
198850	183994
252354	238205
198780	184876
252356	238203
229852	238201
272222	268799
198682	152552
198692	207885
252361	238197
198856	184881
213475	207884
265255	268796
164436	184103
153563	153560
252366	238192
164244	164247
252368	238190
265256	260987
252370	238188
252371	135771
252372	238186
213477	207880
154579	184938
198759	184727
252376	238182
198677	184485
252378	238180
272226	268794
198839	184276
252381	238177
252382	238176
252383	238175
198681	184418
265259	238173
252386	238172
198785	225404
252388	238170
252389	238169
272228	268792
198766	184626
265261	169081
272232	268788
272233	268787
252395	225400
213486	207871
252397	238161
198783	207869
198855	184267
272234	275181
272236	268784
229866	225396
252402	238156
252404	238154
272237	268783
198809	184482
278029	184740
252409	238149
252412	183913
252413	238147
221504	268781
252415	238143
252416	184137
252417	260974
252418	238140
252419	238139
198687	238138
252421	238137
252422	238136
272239	184919
213500	207857
272241	207854
198805	225387
252427	238131
229877	225386
252429	238129
252430	238128
229878	225385
213506	207851
213508	207847
152763	162195
198858	184447
252437	238122
265273	207845
252439	260966
198781	184836
198807	183955
272243	268776
213515	275171
252444	184872
252445	238113
198772	184200
252447	238110
213518	275170
198721	238108
272245	268774
174990	169037
252453	238104
252454	238103
229889	268772
213527	157927
278040	260956
252460	238098
229891	225369
164347	184794
252463	238093
198797	225368
198715	184054
252466	238090
272248	268768
221516	268767
252468	238087
229895	225364
252472	260953
198844	148588
229896	184113
198684	184211
265283	260947
272251	268761
272252	275156
152565	161945
198755	183988
265287	260943
265288	207801
154018	154027
153333	161894
165030	165029
252489	238051
252490	238050
252492	238048
252493	238047
252494	238046
252495	238045
213537	275154
252502	238035
229904	184733
198742	184331
252505	238032
252506	183894
252507	238030
252508	238029
258753	251224
202931	184715
202985	151559
266503	233889
202930	179175
202925	177904
273248	223847
202915	178867
256781	233883
155070	179710
215114	259458
256784	233880
256786	152876
256787	233878
154966	154969
143991	143987
273251	267583
266509	259454
278888	267580
159666	159665
202920	179152
202960	146325
256797	233866
202949	155100
222663	267578
266511	259450
202965	179153
273254	267577
256803	233860
256804	233859
273255	267576
256807	233855
273256	267575
154347	154376
256810	233852
273257	267574
215122	205669
256813	233849
202975	147802
256817	233845
256818	223830
278891	267572
256821	233840
273259	267571
256824	179103
256825	233836
256826	233835
256827	233834
256828	233833
266519	259440
273260	267570
256830	233830
256831	233829
256833	233827
256835	233823
202974	149935
256837	233821
256839	233819
256840	233817
222944	217585
257957	237827
162574	154253
257960	243442
257961	246405
231582	207672
257964	237832
273503	268687
257966	237834
160253	207674
257968	237836
136861	184037
139535	139539
257972	237839
204141	184786
160265	207678
158515	158516
273504	268688
257977	237843
215561	268690
257979	237845
273507	260864
257981	237847
257982	237848
204133	184944
257984	237852
273508	268692
273509	268693
257987	237855
272955	277156
255357	247607
272956	271165
255359	247609
165878	165877
272957	271166
255362	247612
142454	173220
201584	194423
266116	263918
255365	247616
159093	159090
176234	173221
201585	194145
278627	271170
255370	194223
230790	158448
272962	271171
272963	271172
222317	271173
266122	247625
255376	194448
176238	277162
201565	194538
255379	247629
266123	263926
255381	247631
255382	247632
201568	194461
255384	247634
272965	271174
255387	194187
278629	263929
214622	211848
165037	165020
266127	263932
272967	173237
255392	228476
266129	211853
255394	247653
255395	247654
255396	247655
255397	247656
272969	271179
266131	211859
266132	263937
272970	271182
214636	211867
201498	194300
255406	247664
272973	271185
272974	271186
163309	163296
255410	247668
255412	247669
278635	271187
278636	277172
201483	154963
222331	271189
272977	271192
201514	194532
214641	211877
272978	220324
272979	271193
201564	163129
255426	247681
272980	247682
201523	194452
272981	271194
255430	247685
201593	194169
255432	247687
272982	271195
214648	173266
201577	247692
201562	152257
278644	271197
255437	247695
272986	271199
272987	271200
255441	247699
201518	194544
255443	247701
255444	194526
201513	194231
272989	271202
255447	247705
176283	173274
272991	211896
255450	247708
255451	211897
272992	271205
176287	277191
214666	173283
255456	247714
230823	247715
272994	259001
255938	233181
255939	233182
255940	233183
255941	233184
255942	233185
255943	233186
255944	233187
255945	233188
255946	259280
255947	233190
255948	233191
255949	233192
151103	140532
266296	205562
202106	233195
273104	267447
255954	233198
278740	178139
255957	233200
202063	178407
255960	233204
255961	233205
149480	158929
255963	233207
255964	233208
266300	267450
230976	223695
255968	233212
151662	179593
255970	178436
273106	259286
202037	178438
255973	233217
150790	160102
255975	233219
266303	259287
222482	267453
255977	233222
222483	216268
202067	205571
159871	233226
255982	233227
255983	233228
255984	233229
202094	223701
214842	205573
255987	233233
255988	233234
255989	216270
255990	233236
255991	233237
158866	158755
266307	259293
278744	259294
255999	178096
256001	233245
256003	233247
165255	165243
256005	233249
202052	177929
256007	233251
145208	164879
164129	233253
202068	179105
273109	259296
256012	233256
256014	233257
256015	233258
256016	233263
202103	178283
256018	233265
256019	233266
256020	233267
222485	259297
176495	274045
273111	267461
230987	223714
273112	267462
160273	233274
202097	154346
163535	163538
214850	205590
256032	233279
202107	178743
256034	233281
273113	267464
278750	205591
256039	233285
253723	184558
253724	237866
253725	260873
152867	260874
253727	237869
253728	237870
253729	237871
200072	237872
253731	237873
253732	237874
253733	237875
278293	168901
253738	237881
265639	260878
200048	184754
253741	237885
253742	161651
265640	207707
253744	184350
265641	260881
272567	268702
155629	155635
199998	183826
272568	207713
253750	237894
265645	260885
221866	268706
272572	139403
200117	225275
272573	268709
253757	237901
265649	207720
253759	239859
200120	225278
253762	237905
165760	183873
175518	168923
157108	184199
161773	161713
144390	207725
230306	225282
253769	237912
253770	237913
159083	159082
272576	268713
253773	237916
213989	207731
272578	268715
253776	237919
272579	268716
253779	184553
253780	237927
140981	140979
272580	268718
253784	237932
253785	237933
200099	183793
200029	184543
200001	150265
155389	155378
153636	153637
272581	268720
253791	217624
265656	260901
272582	260902
200079	184677
214005	260903
253797	268724
200154	225300
265660	275121
265661	237949
175546	268726
221887	260908
200034	184202
200089	184110
214013	157382
200156	184323
272587	268730
253809	237961
163690	143979
265667	237963
272588	268731
265669	275128
253814	237966
272591	260914
253817	225310
278320	268736
200126	184552
214026	207768
272594	207772
253820	237975
200139	184774
253822	237977
253823	225316
265673	260919
253825	237981
253826	237982
253827	237983
200097	184922
253829	237985
272595	268741
214032	207777
200127	184712
200059	184259
140466	140471
272598	275138
253836	225326
200123	184424
272599	268744
265678	275140
200091	184349
253842	237998
253843	237999
272601	268746
272602	268747
200061	184092
272603	268748
265683	268751
272605	268754
200135	238009
253852	136756
253853	238012
253854	238017
214041	207787
253856	275149
143565	143564
272607	207790
253859	238022
230345	225343
265687	207791
253862	238025
253863	225346
272608	268758
278335	207797
253866	238041
253867	238042
257089	136709
231322	225852
257091	239407
257092	239408
278943	208487
273316	269111
222734	218033
203279	239412
257097	185436
257100	239414
257101	239415
142923	269113
257103	239417
222738	218037
273322	269117
273323	269118
140660	140665
215242	208503
257107	239426
257108	239427
257110	239428
257111	185776
176949	208505
203235	186133
215246	208508
257115	239433
203245	185575
257117	239435
215251	208511
257120	239437
257121	239438
273325	269121
203266	239440
266603	261396
203220	186086
273326	269122
273327	269123
215254	169740
215257	208519
257131	239448
273329	269125
176964	169745
143956	185126
215259	208522
141204	185976
257137	239454
273333	269129
215264	208526
203256	239458
215266	169754
257143	254999
155396	155184
257146	239461
222753	269131
204764	232580
266803	141196
257862	250975
257863	250977
257864	250978
150180	197550
204070	197372
257867	264892
257868	197564
273486	271955
257871	250986
273487	271956
279082	264895
162444	162434
257877	250992
204069	197566
257880	250996
204073	197376
257882	250999
266809	213110
273490	221183
266811	251005
204080	197570
257889	251007
231614	239031
258087	261240
258088	239034
258089	225682
138311	185846
204234	186306
258092	185024
258094	261242
258095	243796
266874	185785
266875	162281
258098	239041
279117	275358
266877	261246
258101	239044
177361	208253
204239	186175
273533	269003
273534	208261
273536	269005
258107	186329
258108	239051
258110	234861
258112	239052
222983	217922
273612	271373
258432	248389
215736	212234
223069	271375
279188	277342
258436	248393
273652	276042
165636	165023
223116	218776
204033	247844
177253	228557
273475	271239
273476	271238
222914	271237
257821	247838
222915	271236
266787	264013
165415	155596
257825	247834
204054	194372
266789	264011
257828	247830
266790	148769
257830	247828
257831	247827
204018	194512
154177	154182
222916	271234
141022	152394
257836	247822
164425	164444
177261	264008
144141	154143
204009	194397
257841	264007
273482	271230
204012	271229
257845	247814
204039	211962
204042	153912
177267	173349
273484	271227
215523	263999
215525	211952
145180	155192
257854	247795
145455	155556
161920	263994
160562	160563
257858	247791
177278	263993
273575	271911
204451	250718
258295	250715
266933	271910
258298	213025
258300	250709
231692	197230
215670	271905
258303	250706
254234	244205
254235	244204
162320	162319
145774	191226
265807	263087
254241	244199
254242	244198
254243	244197
254244	244196
254246	263086
254247	244192
254248	244191
254252	244187
254254	244182
254255	244184
265810	263082
254260	244177
254263	191151
254264	191310
265812	263081
254266	244171
254267	244170
254268	244169
254269	210866
272704	270494
230475	227601
254273	244163
254274	244162
254275	140996
175801	172202
163424	163427
200603	191130
254285	244151
200601	191328
200600	161145
200574	191244
200576	227597
265819	219514
254295	263074
200614	191087
254297	270489
254300	244136
254301	244135
254303	244133
175810	210860
254306	244130
254307	244129
254308	244128
200609	191160
254312	244125
254313	244124
272714	270487
254318	244118
254319	244117
254320	244116
272715	219508
215799	275387
143454	159957
258629	253057
258730	241937
204826	188492
258732	189449
254325	249397
254327	248031
254328	248032
254330	248034
254331	248035
200631	228597
200704	194587
254333	264064
254334	194563
214233	264065
162646	194753
254337	271269
254338	248044
254339	264067
230489	139039
254341	248047
175813	173429
230490	194751
272716	220415
254348	194788
254349	248055
254350	248056
254351	248057
222031	220416
254353	248059
254354	248060
254356	248071
200623	248070
254358	212042
222033	264072
254360	248065
254361	248064
222034	271271
163781	163768
200720	194596
141162	159942
254367	248074
254368	248076
254369	248077
254370	248078
254371	248079
254373	271275
164715	164713
222035	271276
254375	248086
254376	228611
230497	150063
141412	194758
157811	271278
254382	248092
254384	248093
200684	194782
200705	248096
222037	271279
222038	271280
254391	248100
254392	248101
214247	212051
140256	158936
265832	271282
254396	143321
254397	248110
157240	194783
254401	248119
222040	271285
200706	194681
254406	248114
272723	271288
254408	248121
254409	248122
155311	155310
254411	248124
254413	194741
254415	164691
254416	248129
272725	271291
214256	194561
153355	264091
254424	248139
278435	271294
254426	248142
272730	271295
254429	248145
254430	264095
254432	248151
272734	220451
265845	264097
254437	248153
214263	264098
258739	248009
272918	269833
230724	241809
272920	269834
176154	171009
266069	241812
230728	189402
255185	226762
255186	241815
255187	241816
255188	241817
255189	241818
157206	157197
255191	245599
201416	188671
272922	269837
266071	262271
272924	269839
255195	241823
201381	226769
201343	145893
230736	226771
140094	139522
201373	189563
255202	189101
266073	262274
142081	188498
272926	269841
201300	188603
266075	209764
255208	188734
255209	241836
272927	269842
139431	149305
161866	161865
255213	241840
214552	209768
272928	269843
272929	269844
255218	269845
160579	161324
272930	269847
255221	241847
272931	269848
278600	262284
230746	226781
161534	150855
278601	226782
272932	269849
230749	188512
255229	241856
255230	241857
201323	189032
255232	241859
145000	154991
272933	209780
272934	269851
201385	226787
161839	143406
255238	171040
255241	241868
201346	226788
255244	186732
163776	163783
272935	269852
255247	241872
255248	241873
272936	269853
272937	269855
255252	241878
230755	269856
145447	241879
255255	241882
201390	158118
137360	157093
272938	269857
255259	241886
255261	241887
201321	188917
255263	241889
255264	241890
255265	241891
255266	241892
255267	241893
272939	269858
278608	165718
278609	226798
222292	218834
255275	241899
272944	269863
161218	161219
255278	241902
160297	189364
152246	152354
266098	262301
255281	269865
255282	241907
165523	155591
256976	246332
256977	246331
256978	246330
256981	254772
256982	246329
256983	246328
256989	246325
256990	246324
256991	246323
256992	246322
256993	246321
141906	192990
146524	193082
257001	246310
257003	246308
273296	270934
278922	276978
203147	179020
215198	193099
141516	141549
203151	193050
266570	263635
266571	270932
141465	141460
257021	246292
257023	246290
257024	246289
257025	246288
257026	192998
258233	241772
231666	138025
273559	269818
273560	269819
204398	241775
279141	269821
231670	188447
258239	157083
258240	241779
258241	262256
204389	226743
258243	241782
204387	241783
158793	158857
258246	241785
273564	269822
266916	262259
177421	170993
266812	181839
273492	260023
266815	260022
257895	235569
257896	235568
257897	235567
215531	260021
160155	182355
144984	181541
257905	182486
204095	165544
257908	260018
204085	181635
266819	260017
257911	235554
273493	216900
257913	235552
257915	235550
266821	206510
257917	235548
165503	152657
215534	206507
204087	182331
273637	271387
155492	165007
145551	155370
204705	228753
258597	264207
204221	178564
273516	267155
273517	267154
266861	232240
204229	223273
273519	267152
204208	177783
258056	267150
258057	205028
273521	267146
273522	267145
258060	232231
258061	232230
231603	178284
273524	267143
258065	232221
258066	232220
222970	267140
204203	178776
177348	267139
258070	258906
258071	232215
258072	232214
204204	178179
204206	179410
266868	258905
159013	177704
273529	267137
279113	267136
142389	178885
258080	232206
258081	232205
154903	164661
258083	232202
258084	179078
266872	267134
177077	258963
257444	232367
203646	232366
257446	232365
162445	162439
273392	267187
203616	232362
159127	157228
257451	232360
231426	179359
231427	223323
154406	164028
203603	179014
222823	232356
153746	163382
257457	232354
257458	238223
266684	258960
203630	178512
273393	267185
266686	258958
257464	178349
257465	232348
279004	205100
222829	215987
162930	162928
222830	258954
257471	232331
257473	234792
273400	267179
257476	232328
279008	267178
136664	136671
257479	215983
257480	232322
273402	267177
257482	232316
203578	179229
279011	273786
222837	166228
163862	163875
257488	163901
203570	178328
266696	258945
257491	232305
257492	205073
252650	238430
252651	238429
198984	238428
252653	238426
252654	238425
252655	238424
199012	183964
221553	268844
199079	238420
252661	238418
272285	268843
199031	184300
252666	238413
252667	261034
252669	238410
252670	238408
213583	207931
272292	268837
252673	184777
252674	238403
265335	238399
272293	268834
252679	238397
252680	238396
252681	238395
252682	238394
272295	217742
252684	184910
272296	268833
252688	238387
252689	238386
198999	238385
252691	238384
213584	137486
199035	225452
265340	238379
252698	238378
252699	238377
252702	238375
229955	225451
198995	158330
252706	238371
160219	207924
252708	238369
198987	184046
199076	184955
252712	238364
252713	238363
252717	238360
221569	268831
252721	238354
272298	268830
252727	225447
252728	238343
199021	184239
199009	184496
252731	207920
154936	164706
252734	159636
252737	238336
252738	238334
252739	238333
199057	184900
252742	238327
229960	238326
252744	238325
252745	238324
252746	238323
252747	238322
252750	238314
272302	268825
156980	184236
199028	184428
252755	238308
278082	268822
252758	238305
252759	238304
252760	238303
252761	238301
252762	238300
252763	238299
252764	238298
272304	268821
252766	238296
252767	238295
252771	238290
252774	238287
252775	238286
252776	238285
252777	238284
252778	238283
252780	238281
252781	238280
252783	245994
272305	268820
272306	268819
252785	238276
199089	183949
252787	238274
213592	268818
265349	268817
272309	268816
229968	184405
157173	157151
252793	261012
265351	261011
199086	184476
272311	268808
252797	238247
199088	184892
144924	261004
272312	268809
252801	235504
199048	238253
213596	261006
252805	238255
199018	184803
160759	184568
252808	184520
199042	144539
252810	238243
252811	238244
138037	184125
252814	238240
252815	238239
229974	238238
199075	238236
258714	235527
254756	247897
154710	164056
254759	247899
254760	247900
165341	165349
254762	247902
200951	194734
200963	228581
254765	247904
254766	247905
136886	136868
254768	164935
265920	264039
175916	154972
254771	236285
200919	194682
254775	247914
254776	247915
265921	264041
254778	247917
272788	271255
254781	247922
272789	173405
254784	247925
254785	247926
254786	247927
254787	247928
200934	228584
254790	247931
175919	220394
254792	247934
200941	194728
254797	247940
254798	247943
144519	154549
254801	247945
254803	247948
272792	271260
254806	247953
222125	220400
254809	247955
254814	247959
254817	247962
254818	247967
254819	247968
175922	212021
254821	247972
254823	247975
272795	271263
265932	277248
149304	149314
254828	247979
254829	247980
254835	247984
265934	264053
265935	264054
254838	247987
254839	247988
254841	247990
265936	264055
254844	247996
150204	264058
175935	264059
258659	240255
258660	240256
155176	144741
258637	192988
258630	266444
204769	278842
204281	181253
258115	234255
266883	167073
148580	148576
231625	224004
258120	180818
258121	234249
258122	234248
258124	234245
258125	234244
273541	267698
266886	150573
204265	181175
266887	205902
159491	223996
204263	179757
204260	180638
204266	274241
258756	233408
258537	233094
258538	233095
223086	216240
165860	160241
256842	233288
256844	163113
256845	233293
202998	179213
256847	233298
256848	233299
154990	178883
273264	267468
256851	233302
256852	205597
256853	233304
256854	233305
256855	233306
256856	233309
256857	233310
203029	177880
256859	259312
157369	157379
256862	233315
150309	179129
203002	177787
176828	267472
256867	233322
256868	233323
256871	233325
256872	233326
256873	233327
161266	233328
256876	233329
256877	233330
256878	233331
222676	267473
256882	233337
256883	233338
273266	267475
266523	205600
266524	259319
202990	179342
256890	259320
176833	150431
176836	166763
256893	177911
256894	233349
222681	216294
137701	156624
256896	233351
176837	166764
203031	178586
256899	233354
266529	259325
215144	205609
273658	268740
258549	232648
165250	165103
258551	232650
258552	223474
258266	261947
204433	188235
266926	269569
148352	209332
258274	209333
258276	187816
145677	165374
258661	252511
161658	185561
203733	208308
266713	261276
203759	159587
273421	269026
257551	261278
257552	169531
266715	275378
257554	186231
257555	239113
257556	186319
215404	169535
203732	185796
231469	186048
222858	225722
163253	159683
203763	185681
203715	239121
177131	169541
257564	154928
203742	239125
257566	239126
273426	269032
257568	239128
155015	164828
257570	160544
273427	269033
203750	148456
257573	261288
257574	208331
203766	185693
257576	239138
273428	269035
257578	156997
231480	225735
203743	186364
257582	239145
203725	185130
257584	239150
203765	261296
273429	269037
257587	185711
273430	269038
163142	163138
279035	275393
177145	261300
257592	239160
204667	186321
204668	239164
258529	255314
258557	247871
204685	247872
252819	241384
265356	269692
272316	269688
252823	241380
265359	262109
221593	269685
265361	262106
144445	144430
252828	241373
221594	269684
252830	241370
221595	269683
252832	241366
154556	163906
252834	241364
252835	241349
272320	269679
265364	139482
252838	241352
252839	241353
272322	269680
163693	155107
252842	241360
252843	241361
175084	262102
229984	243419
252848	241348
199163	241346
252851	241345
252852	158729
278096	269678
163787	144701
278097	209520
199212	188243
272325	269674
252858	241336
252859	241335
175095	209515
252861	241333
199106	188137
252863	241331
229992	226569
175100	170761
278101	262092
272329	209507
252868	241326
272330	269670
145610	145609
199177	188184
199101	188113
252873	209502
272333	170746
199204	141761
252875	241316
252876	241315
252877	241314
252878	241313
252879	241312
252880	187842
165176	165177
265380	269663
252883	241308
252884	241307
272338	269662
164904	145131
252886	241305
199225	188237
252888	241303
252889	241302
199096	188324
272341	269660
199191	187977
213638	209485
199119	188424
265385	262078
252895	241293
252896	241292
272343	269656
213642	209482
199175	187773
175138	188086
278116	275920
199154	187974
272346	269653
278118	262073
272347	269651
199229	187814
252908	262070
199145	262069
213663	209461
265394	262067
199126	188347
265395	262066
199104	188378
265396	262065
252922	241270
272350	269649
252924	241268
230018	150968
265398	262063
213665	209458
142426	152297
252930	241258
199109	150132
272353	269645
272354	272214
252935	241253
252936	241252
252937	241251
199128	226529
213670	170693
142070	151900
199257	226526
252941	262057
199150	188007
272357	269641
162351	162340
252951	188141
252952	209440
252953	241237
278128	269638
252955	241235
252956	241234
272359	269637
252958	241232
199120	187780
252960	241230
252962	241229
175169	269636
272361	269635
265409	262048
252966	241225
252967	241224
252968	241222
150103	241221
213678	209434
199227	187772
272363	275899
252973	241216
213680	209432
252976	241214
142623	189180
159080	189169
278796	269900
273166	269901
273168	269903
222556	218877
256314	152224
256315	242016
266387	262348
266388	262349
231086	226851
256320	242021
222557	269904
273170	269905
256324	242024
176592	171138
273171	161225
256326	242026
202419	189268
176598	171142
165242	165252
202438	189121
202420	154546
256331	242031
256332	242032
256333	242033
202391	140541
256335	242035
160770	160772
256337	242037
176600	171145
256339	242039
202410	189526
202395	242041
256342	242042
273175	218885
202467	188658
222567	209894
256351	242050
256352	242051
256353	262360
154682	158282
176609	171158
256358	242056
256359	242057
159228	138896
164073	164097
256362	242060
256363	242061
273179	269916
256365	242063
256366	242064
222572	269918
214950	209902
148448	148450
256370	242068
231102	188595
256372	242070
256373	242071
202431	139357
273183	269920
256377	136520
214953	209903
256380	242079
256381	242080
266403	262367
273184	269921
202475	189450
256386	188657
266406	262370
202404	209909
278813	209911
256391	242092
258380	240023
258381	240024
258382	240025
204524	187290
223096	269885
258592	241965
155657	155241
258573	251403
258510	226057
258511	239906
258512	239907
204529	180069
223054	205852
273600	267679
144818	153985
265069	264682
265070	264681
174691	196723
229672	229260
198172	250133
251794	250132
265072	264679
251796	250130
251797	250129
272084	271805
251799	250127
229673	250126
265074	212866
198185	196689
272085	271804
156481	196780
198156	161944
251807	250119
265076	264674
251809	250117
159938	151335
272086	264672
251813	264671
251814	250112
157908	138561
160587	150979
251817	250107
153731	153725
251820	229252
251821	250101
251822	250100
272087	271801
251824	264668
251825	250096
198173	250095
155001	154996
251828	250092
251829	250091
251832	250089
198204	196797
251836	250085
251840	250081
251844	250079
251846	250074
251848	250075
251849	250076
251851	250078
145408	145400
265080	250066
251857	250070
251858	250071
198150	196709
251861	250060
229680	196763
251864	250056
251865	250055
251866	250053
174700	174282
251873	250039
221337	271800
265083	250037
213264	212859
251879	137764
251880	250034
251881	250033
251882	250032
265084	264662
265085	221001
251890	250021
221340	271797
251892	264660
265086	250019
272090	220999
251896	250015
251897	250014
251900	250013
251901	250009
251902	250008
229685	271795
198130	136656
174707	212855
272091	271794
221344	271793
251908	250002
251909	250001
251910	250000
251911	249999
265092	249997
251914	249996
272094	264653
251917	249993
251918	249992
272096	271789
272097	271788
251922	154098
251923	249983
251924	249982
174712	277665
251929	249978
251930	249977
272100	271786
265099	264647
229694	196821
251938	249970
161077	161075
198191	212846
145646	143514
273238	275220
256714	238452
256715	238453
202879	184852
256717	238455
273239	268847
278877	207939
202873	184859
256725	238462
256726	238463
202889	184667
202878	184949
278878	207946
256732	238469
222643	268848
273241	268850
256734	207949
256736	261046
256737	238474
154151	183900
202906	183807
256740	238480
273242	268853
266495	261049
256745	238484
256746	238485
222648	268856
256748	184052
266496	261052
256750	238489
256751	238490
256752	238491
256753	238492
256756	238495
256757	238496
266497	268858
266498	261055
222651	268859
256762	238503
256763	238504
256764	238505
256765	238507
215103	184644
266500	261059
149193	268863
256392	248322
273186	271348
214962	212179
256395	248319
152053	152052
150833	150834
256398	248316
256399	248315
231111	212175
273187	271347
138895	138893
266412	277313
214967	212170
256405	248309
202580	228695
256407	149097
273189	271345
202552	195199
273190	271344
256410	248303
273191	271343
202540	194954
202511	212164
256413	212160
214976	212158
256416	248297
202594	228685
256418	248295
202518	212156
214982	248290
151948	151950
273193	271341
231126	147703
231127	228682
222584	271340
256427	195011
202555	248281
214983	173538
202516	195198
145049	145042
256433	248276
256434	248275
214987	212147
231134	271337
256436	248272
256437	248271
256438	248270
266424	264140
256440	248268
256441	248267
142727	159768
256443	248265
266425	264139
256446	248263
214989	212142
256448	248260
273196	173527
266429	264135
202541	228674
214996	212132
256453	248255
256454	194859
273198	271332
256458	248246
202502	194870
266432	264130
256461	173508
256462	248241
202549	194895
256464	248239
202532	248238
273200	271327
202554	195141
202536	248235
256469	248234
273202	271325
157199	157190
273203	271324
256473	248230
278836	212111
202489	195004
256476	248227
256477	248226
273204	271322
270027	268310
270028	268311
242496	236730
242497	236731
227019	224808
242499	236733
190041	224809
262507	274784
270030	260404
219009	268314
210126	206967
163748	163750
219013	217193
210131	206972
242511	236745
189735	183054
143786	153763
270038	206976
210137	168155
210140	206982
227028	224818
270039	268323
242519	236757
155486	165410
145623	183258
190207	182688
219019	268324
262520	260416
242525	236764
242526	183579
189638	224823
262521	260417
242529	236769
189682	145973
227032	183354
270040	268325
276252	260419
227035	183308
242535	183177
140439	236777
262524	260421
227036	268326
270041	268331
270043	268332
242541	236792
210148	260427
210152	206992
189648	183467
160797	153481
270047	268337
156779	146818
210164	206999
262532	168175
270049	268339
262534	207003
242557	236806
161797	155433
270050	268342
189740	182808
242561	236810
144090	154081
161091	161033
262536	260436
270051	168185
242566	183150
242567	168188
262538	207016
270053	268346
219034	268347
242570	236821
190043	183191
242572	236823
242573	236824
189989	183227
242575	236827
262540	236828
242577	236829
242578	236830
219035	183745
189656	182908
270056	268349
262543	260446
242584	236836
242586	236837
242587	236838
161638	151939
242589	236840
190084	236841
190227	183694
142603	260448
140159	182857
143248	153089
190008	182589
242596	236847
270058	268351
227061	183642
227062	182954
270059	268353
270061	268355
227065	260453
262550	260454
189833	182833
242607	236860
219043	217233
210194	207039
276273	268360
276274	207043
270068	268363
262556	183536
242614	236868
151094	139402
270069	268364
136554	136668
210206	207050
227073	236875
270072	268367
242621	236877
139970	139968
227076	224880
210211	207057
270074	268368
262562	260466
190027	147555
219055	268370
219057	268372
189944	183709
154729	182816
242631	236889
190180	182736
210216	260471
276281	207067
242634	236886
270076	268373
219060	268375
270077	207076
270078	268377
242639	236894
242640	182789
270079	268378
270080	268380
262570	260477
270083	268382
139920	149754
210228	168254
189729	236902
227090	260480
189941	182884
210232	207084
171507	168262
242651	182633
242652	236909
242653	154516
190146	183267
262575	260485
219071	217262
165127	165126
242657	236914
190299	183340
190025	182792
171517	236917
140647	274844
242664	236919
210248	274846
190140	183475
242668	163328
242669	260493
270090	268390
270091	268391
242672	182876
242673	236928
276295	268392
270092	268393
262587	168292
190092	236934
171537	168293
152999	152996
242683	236937
270094	207120
189841	183495
242686	236940
242687	236941
242688	236943
270095	268396
227108	224915
262591	260502
219081	217273
270096	268397
242695	150999
270097	207124
190050	182760
262594	168302
242700	236954
262595	268399
190288	149049
262596	260507
149445	149450
165111	155215
270099	268400
262598	268401
242708	236961
190197	183317
171547	168304
270102	268403
270103	268405
270105	268406
242714	236967
262603	207134
242716	236972
270107	268408
189814	183775
242719	236975
262606	150055
189913	183441
270108	268410
189964	183688
227122	183437
270110	268412
242726	236982
270111	268413
242728	182784
227125	236986
242730	236987
276309	168318
242733	231924
262612	260522
227128	224939
276311	274870
276312	168323
270114	217294
242740	154723
190217	182926
242743	236998
210280	207150
189769	183138
242746	237001
219105	268420
189696	237013
136226	146901
270120	268422
270122	268424
276317	274876
189997	183700
242755	183263
219110	217304
189868	237023
242758	237024
242759	237025
141217	237026
270127	274878
227138	182880
189739	182657
276320	274880
171585	168339
270130	268432
270132	207169
242768	148395
242769	237035
242770	224959
270133	268435
227144	224960
262631	260542
262632	207171
270136	268438
159569	158811
270137	268439
155631	155634
270140	268440
140674	182665
242783	237051
189738	274888
242786	237053
171597	168352
242789	237057
143594	153494
242791	237059
151758	155670
219129	217323
242793	237061
270142	268443
242795	237063
190011	183336
142766	152651
210312	268444
151596	224973
189917	183228
227158	224975
190024	183575
189872	183427
270145	268446
242803	237074
219135	217329
270146	268447
189659	224977
242807	237079
210319	260556
189907	237081
270147	268448
210327	207194
242812	159508
270148	268449
270149	268450
270150	268451
270151	268452
242817	237089
262653	260563
242819	237091
242820	237092
242821	168377
262655	260565
242823	237095
242824	237096
189969	183355
242826	237098
270153	268454
189884	182869
242830	224990
190254	183723
242832	237104
242833	237105
242834	237106
242836	237108
189631	183459
210338	207213
270155	268457
262661	260571
219146	268458
155257	165137
242846	224997
270157	260574
242848	183380
142822	142829
270158	268461
227181	268462
270160	260576
189878	268465
270162	260578
242853	237123
262666	260579
262667	237125
270163	268467
262669	260581
227186	225004
157807	182975
149325	149326
270165	268470
210351	207230
189824	182998
210352	207231
270167	207232
270168	268473
242869	237137
242870	207237
242871	207239
154876	142796
242873	237142
140607	183160
242876	237154
242877	237155
242878	237159
155507	155512
242881	237161
190095	183571
210354	207248
242885	237165
219165	161499
242887	237167
242888	237169
242889	237170
242890	260597
190184	183672
242892	237173
171658	274924
242894	159664
190171	183189
242896	183357
242898	237179
242899	237180
242900	183237
190238	182579
158787	158788
189891	225026
242905	182950
171660	159684
189744	141468
242910	274926
270176	268488
148411	225029
164253	164230
242914	237195
242915	260604
210362	207264
242917	237198
242918	237199
262687	268490
242920	237202
270178	268491
270179	268492
276363	274932
270181	268493
189755	182825
190177	237208
242926	237209
242927	237210
227211	182629
242930	237214
242931	274934
219176	237216
270183	268497
190226	260614
262696	260616
227217	207280
270184	274939
270185	268500
262699	268501
262700	260621
210381	207292
189967	274942
210384	207297
210386	168477
189621	268503
270189	268504
210389	168482
171703	260628
189934	183679
210393	207305
242955	237235
242956	237236
242957	237241
242958	183667
262708	260630
262709	268508
171705	260632
227230	225061
190014	225062
242964	237249
152610	161986
270197	268515
153594	163305
242970	237263
155267	165142
270199	268516
190281	182678
262715	207321
242975	237268
189970	183592
210407	207327
190113	183492
242980	237274
242981	237275
145249	155289
242984	237278
262719	260647
242986	237288
262720	260653
262721	237294
190235	182851
242990	237291
141842	207342
242992	237297
242993	237298
189840	183586
242995	237302
171727	168527
219202	217419
189752	237306
270207	268530
243001	237308
227244	274965
276386	260660
153397	182655
243005	237312
243006	237313
243007	237314
270212	268538
190081	207352
243011	183754
243012	268540
159862	207356
189774	182809
243017	240761
243019	237327
137462	183040
189902	237325
243022	237330
262729	260664
152160	183670
262730	260666
243026	237334
171734	183226
159270	159262
210419	207357
227250	225088
243030	237338
270214	217433
219215	268544
262734	207358
270216	217436
190229	183433
243035	237343
219217	268545
171737	207359
243040	237348
243042	237352
270218	268550
243045	237371
243048	237363
227256	274976
243050	237361
270220	260675
190101	168549
243054	237357
243055	237356
243057	237376
210425	207376
243061	237378
227260	225098
243066	237384
243067	237385
262742	260681
243069	237388
243071	237390
171748	268556
243074	237393
243075	237397
262744	137803
153464	163042
137226	137231
190110	182900
155225	165102
189883	268557
189930	182848
243086	237406
243087	237405
262745	260687
243090	260689
243091	237413
243096	237415
189837	182956
155633	155626
155228	155258
189660	182906
243101	237422
210434	260692
163225	163170
243105	237428
258588	235533
258589	235530
273367	166659
257337	232998
257339	233003
266654	259227
150432	159704
257345	233007
222796	216217
257348	233009
231394	178929
257350	233011
257351	233013
203502	178184
257353	178549
257354	233017
257355	233018
231395	223640
257357	233020
257358	232590
257360	233021
257361	223641
273369	259230
162483	177788
257363	233025
203513	141781
203507	179396
257368	163988
273370	267406
203504	177714
215334	259233
257372	235850
257373	235851
177042	166669
203514	179618
152321	161693
203497	205516
257379	233039
257380	205518
273372	259238
273374	267411
257383	233043
257384	233044
155655	165607
222803	267412
257386	233046
203496	179605
257388	233048
203511	177631
273375	267413
257391	233051
273376	267414
257393	233054
203479	177708
258279	240895
258280	240896
258281	187960
258282	240898
258283	240899
258285	240901
165653	269570
258287	240904
273574	269571
254663	246427
200910	193063
175898	276993
254668	246425
254669	246424
254670	246423
254671	246422
254672	246421
254673	246420
200878	193165
144248	246418
254677	246416
254679	246414
254680	235587
254681	246412
265906	270952
254683	246411
138716	138722
254688	246407
254689	246406
254690	246404
254692	246402
254693	263657
200883	193119
254697	246396
265908	246395
222105	270950
222106	270949
230552	276989
200867	246389
278468	270947
254707	246385
254708	246384
254709	193073
254711	246381
254712	246379
254716	263652
254718	246374
254719	246373
254720	246372
200893	172900
254724	246363
265910	263650
254728	246360
254731	263649
200915	193200
254734	246350
148935	148921
254736	246352
265912	193206
272778	276987
272781	270942
254742	246345
254743	246344
272782	270941
200880	144431
272783	270940
136535	136539
139631	193048
272785	263643
272787	270937
200912	141323
254755	246333
258466	247141
145369	145380
258468	247143
215750	211730
204616	193888
222514	271990
256130	197732
256131	251171
256133	197697
256134	251173
256136	251175
256140	197602
148616	264945
256143	251179
256145	251182
222519	271994
256147	251184
202233	145549
256149	251185
256151	251187
266351	237446
256154	148783
256155	251189
256156	251190
256158	251191
231036	229549
222520	221223
222521	277843
256161	251194
256162	251195
256163	251196
256164	251197
256166	251199
256167	251200
256168	251202
202228	197687
256172	251204
266352	264949
222523	271996
256175	251207
256178	251208
256180	245412
256182	197647
273141	271999
256185	251213
256186	251214
256187	251218
256191	197737
256192	251225
256193	251226
256194	251227
256195	251228
256198	251232
256199	251233
256200	251234
202256	197622
256203	251236
278773	264955
273144	272003
256206	251241
256207	251242
256208	251243
256210	251245
256211	251246
258356	249284
273591	271630
273592	271629
258359	249281
258360	249280
258361	249278
258362	249277
258553	250687
258554	250684
258555	250683
258556	250682
223121	264164
258693	228705
258408	151609
258410	240919
258412	240917
258413	240916
204564	188136
231730	188398
258497	248211
273625	271317
204642	195046
258501	248206
204641	228645
258503	248204
258726	250895
165674	164942
203333	237458
266621	260701
257200	237461
257203	237464
142890	142891
257207	237468
257209	237469
203364	183026
257212	237473
273340	268570
266624	217463
257217	237478
257218	237479
257219	237480
257220	237481
257221	237483
257225	255673
257228	237491
257229	237492
163177	183164
257231	254662
153622	152506
222768	268571
258694	236710
258642	241201
273648	269629
258199	232899
258200	232898
161885	161207
258202	232895
140398	179350
204354	178105
258205	232892
273554	267370
204369	157333
204352	177822
258208	232888
258209	232887
258211	232884
163696	205448
279135	267369
258214	232876
258680	188332
165663	275907
273566	267208
273567	166304
231678	232409
266920	258990
258254	223349
258255	232415
177429	179052
258257	232417
279148	216018
204421	177646
273570	258994
279150	258995
273572	267216
258654	240570
258655	240569
258656	240568
258690	245595
223120	270828
258691	245596
258711	233680
258721	195266
258722	248360
273650	267393
266986	263498
258506	238603
258507	238602
258508	238601
258509	238600
258700	208664
257923	180792
257924	234417
257926	234416
204120	180081
222932	259690
266824	149139
204107	181168
146012	206041
177290	167203
204121	234409
204105	234408
215540	267764
257935	234406
266827	267763
279087	267762
266829	259683
215542	206031
273496	267760
204127	179918
257942	234398
204117	179812
215548	206017
257945	224080
266834	259673
222937	267753
273499	181419
273500	206007
164616	164615
257955	259666
258532	249244
266990	256617
204671	138485
258536	195903
164486	195791
258185	249095
258186	249096
258187	249097
258188	249098
204348	173934
223002	271575
258192	249103
273552	228981
273553	271577
258197	249107
223056	216086
258392	232587
258393	232588
142786	142789
204549	177693
204540	223447
273602	267279
204552	205273
258398	232595
279179	267280
257724	247063
257725	247064
279053	211690
203942	193774
257729	271070
138545	193621
257732	247072
203895	193948
203935	193790
279054	277076
257736	247068
257738	247067
273457	271071
273458	271072
279056	193607
149378	193640
257744	247080
257745	247081
157351	228331
203890	193699
257748	247084
266757	160331
203892	193710
257751	247089
257752	247090
257753	220179
203940	271074
257755	247093
266760	263803
257757	247095
257758	193953
257759	271077
231524	193642
203921	193613
257762	157110
231528	139032
279061	277084
231530	193864
215485	247109
266765	193874
257769	193801
203891	247114
146619	247116
203932	145650
257771	247118
203916	228345
251943	238806
174718	169307
272101	268919
272102	268920
251947	186382
198348	164069
143084	184990
198242	208105
251950	238816
148765	148101
144139	185045
272104	268923
154755	154781
198313	185720
272105	268924
251957	238823
198333	186015
272106	261152
251960	238826
272107	268926
149615	185872
251966	238831
229709	186130
265110	238834
143468	143464
265111	261155
161037	161031
265112	261156
162385	162384
251974	235044
272109	268929
174742	169332
198432	185660
213302	261159
198417	185757
251981	164257
272113	268936
145960	186011
251985	238857
251986	238858
198293	186206
251989	238860
251990	268938
272115	268939
251992	138445
251993	238864
251994	238865
213310	208140
272116	268940
265124	261174
174759	208146
150040	268944
272121	268945
272122	268946
277939	275315
252004	238875
252005	238876
198287	185607
229726	159003
198336	185715
198340	159070
265131	261182
252012	238883
213320	208153
213324	208155
272126	268951
252017	238888
221383	275318
272128	268954
272129	208158
198445	185135
198411	185034
198378	185131
252025	238895
272131	186250
265140	261191
198425	208171
229737	261193
229738	208175
252031	238901
252032	238902
272134	268961
252034	238904
252035	238905
198352	185361
198429	185085
163661	165919
252039	238909
272136	169390
198440	185794
229742	208181
265150	261201
252046	185465
229743	160918
252049	238919
174800	169403
221395	268964
174801	169404
252052	238922
252053	261204
252054	217878
265153	261206
198267	185152
151568	160780
198442	185242
252059	238932
198329	185128
221397	217880
213349	217881
213350	261209
252063	238936
213351	208194
272141	268968
174807	169413
252066	184988
229752	169414
229753	185193
174813	169419
198225	185504
213361	208206
137800	186286
140171	159392
272147	268976
252075	238949
141637	141640
252077	238951
198349	169425
252079	238953
198431	185380
198228	186232
213363	208211
198346	185821
163092	163093
252085	238959
198309	225650
252089	185155
252090	238964
252091	238965
252092	238966
198399	185691
272152	275342
198263	185965
163743	163737
154835	164567
229766	185873
229767	185924
265168	238974
265169	261221
265170	261222
252104	238977
252105	238978
198451	186254
252107	238980
272155	268984
252109	238982
229770	225659
213375	208223
229772	225661
174834	268986
272158	268987
272159	208230
198292	185638
272160	268989
155475	238992
272161	268990
198301	238997
272162	268991
252126	238999
252127	239000
252128	239001
198426	225668
198218	185587
252131	239004
272164	217907
252133	241321
252134	239006
252135	239007
265181	261233
143157	225672
141996	186076
252139	239011
145371	191150
272364	270459
252981	243999
252982	243998
252986	243994
252987	243993
252988	243992
272365	270457
164999	165012
252990	243990
252991	243989
252992	243988
272366	270456
272367	270454
272369	270453
230043	227553
252998	191307
252999	243980
272370	270452
272371	270451
253003	243977
253004	243975
221652	270446
253006	243973
146637	156651
278139	210825
272374	270443
199285	191311
144838	144820
199374	191079
253014	243966
272375	219462
199357	191103
213694	263017
230050	227544
272378	270440
272379	270439
265427	210817
272380	219457
253024	243955
221662	270436
221663	219453
278144	172146
272383	270435
253030	243948
199416	191352
253032	243946
253033	243945
199330	191207
253035	227534
272386	270432
278149	276568
272387	270431
199319	160895
272388	270430
253041	151382
253042	243936
253043	243935
230060	243934
272389	270428
272391	270427
253047	243931
253048	243930
253049	191335
253050	243926
155643	155647
253052	243924
137748	191131
199423	191256
272392	270426
265441	262997
272393	270424
253059	147574
199348	191088
265443	210789
265444	262994
272397	270421
253064	243910
253065	243909
199405	191238
253067	243907
253068	243906
272398	270420
253070	191097
253071	243902
253072	243901
221681	270419
221682	219434
265449	262989
221683	219433
272403	270415
213728	262986
175232	172104
253081	276556
265454	191108
143583	153486
199331	191189
199267	243888
272405	270413
272406	262980
160874	143164
253089	243884
265459	262979
221691	270409
230079	227507
253099	243876
199402	146888
253101	148425
150505	150504
253103	243870
272409	270408
253105	138383
265462	262975
272412	270404
199424	191317
213743	270403
199301	191170
253112	262972
253113	243857
272416	270401
253115	243855
265468	262969
140445	150279
151113	191202
199322	191111
272417	270400
278171	172086
142977	191187
272420	270397
253125	243842
199379	210759
265472	270396
162939	162932
230098	227489
175250	210755
253132	243835
253133	243834
253134	243833
253135	243832
199389	247895
140050	247894
253138	247893
253139	247892
175252	173398
150129	150130
253142	247889
253143	247888
199400	146635
253145	247886
272424	277240
253146	247884
253147	247883
175254	220386
143914	194294
265477	173393
199280	194370
199376	247878
199303	264032
199293	194160
273629	267428
204676	137078
258546	233102
258548	178244
258423	232522
258424	179673
204583	179413
258427	232519
273611	267259
155661	155194
144595	142781
273632	270573
273633	270572
204686	191546
258672	269630
155608	154388
253868	184439
253869	237594
253870	207505
253871	149199
253872	237597
253873	237598
253874	183898
200205	143435
200231	217509
200191	237606
253878	237607
253879	136653
200186	184309
253881	268614
200201	157335
175598	168709
200282	168711
230353	237614
272612	268616
272614	268618
165559	155625
253889	184933
200298	184387
272616	260772
253892	237621
253893	237622
253898	260775
253899	207537
272619	268626
272620	275037
253901	237631
161930	225175
200319	207550
265702	168758
253907	237641
272621	268631
272622	268632
253909	225182
200277	237644
200190	184716
272625	268636
253914	237648
144926	144927
272626	268637
163590	183946
200259	183952
253919	237658
142989	225189
253922	237659
265708	260793
221930	217536
200228	184379
161027	151807
253926	237664
200212	184839
272627	268639
272628	268640
253929	237667
230371	160351
272629	268641
253932	141819
253933	244376
253934	237671
253935	237672
272630	268642
253937	237674
200267	184284
253939	237676
272631	268643
253941	237678
200227	184023
265713	260799
175658	168784
272633	268645
278357	268646
272635	268647
214104	260803
141527	237686
200283	184075
253949	237687
253951	239609
175669	184505
253953	237690
272637	268649
253955	184168
200204	184503
142967	142964
272638	268650
214107	184089
214109	260809
265723	207595
200235	138888
253965	237702
253966	237703
253967	237704
253968	237705
265724	260811
253970	237707
265726	237710
253973	237711
253974	237716
253975	237717
152090	152088
272640	260813
230383	225206
164005	164027
157943	184973
253981	260814
272641	268654
272642	268655
200219	184666
154638	154642
253985	237728
253986	237729
253987	183989
200307	184258
200206	183976
278364	268657
221949	217556
200174	184382
200250	184473
221951	268660
253997	237737
272648	275063
198506	194585
198636	187894
265189	239660
252172	239659
252173	239658
252174	239657
252175	239656
252176	239655
252178	239653
213401	208601
252181	239647
252182	225939
139824	185589
252186	239643
252189	239641
198662	185003
252192	239638
265192	261464
221434	269179
272173	269178
252195	239631
229796	225936
265194	261461
252199	239625
160198	160202
252201	239621
252202	185093
229797	225934
198474	163489
157696	239617
252206	239616
252207	239615
252208	261459
252209	239606
252210	239605
198508	185486
252212	239602
198631	150988
252214	239600
213402	208600
272174	269177
198646	185834
265198	184999
252222	239589
272176	269175
272178	269173
252225	239586
272180	269171
265202	261451
272181	269170
198581	239581
174864	218094
252231	239579
198607	185478
272183	261449
198499	185211
252236	239575
198627	186017
229808	269169
272187	269167
198518	185946
265209	185425
252244	239567
252245	186294
252246	239565
198478	185829
252248	239563
252249	239562
252251	239561
272188	269164
221451	208589
198648	186356
252255	239556
252256	239555
252257	239554
252258	239553
153524	185726
272191	269161
252260	239551
198576	185594
272192	269159
198645	225910
163285	163284
213422	208582
229819	186122
265217	261439
252269	225905
252270	239541
198567	186053
265218	261438
252273	239537
272196	269156
174886	169804
198579	186201
277996	185654
151448	208572
252280	239531
229825	218078
252282	239529
265222	208570
265223	275493
198608	186077
265224	275492
272200	269151
150733	225896
265225	261430
252289	239520
272202	261428
252291	239516
198593	160431
272203	269148
272204	218071
252295	239512
272205	269147
213449	208557
198606	186395
213451	185615
272207	269144
252300	239507
158909	156996
252302	239504
272208	275484
213454	208548
213456	208545
265236	261418
252308	239498
272211	269140
150949	150962
272212	269139
265239	239495
252312	239491
198556	185851
157266	239489
272213	269138
229842	225883
252319	239484
252320	239483
215685	274017
177470	166693
204472	205533
258322	233084
258323	233083
177475	166688
258325	233081
204477	179452
258486	247850
258487	247849
273623	271240
266982	264020
258490	247846
258619	264060
204759	194726
255538	244104
273008	270485
266175	270484
266176	263063
255542	244100
273010	270483
255544	244098
141976	160074
255546	244096
255549	244093
255550	244092
255552	244090
255553	244089
255555	244087
255556	244086
162887	244084
266178	263061
255561	244079
266179	263058
255566	244074
201676	227581
255568	244072
255569	244071
273012	270480
255572	244069
255574	263056
255577	244065
255578	244064
255580	244062
255581	244061
273013	270479
255583	191190
255585	270478
176315	172194
255591	244054
255592	244053
201656	191068
214694	210853
255597	244047
278667	210848
255599	263046
255600	244044
162553	162551
164265	163510
255604	244041
255605	244042
273015	270472
273016	219492
273017	270471
255612	244033
145132	165223
160838	160841
222380	219488
273019	270467
142368	191298
255624	191099
255626	164301
273020	219485
266009	261680
214458	208942
222206	275668
272865	269358
278542	208948
266013	208949
266014	269362
201268	186489
278545	275672
255068	226162
137640	137643
255070	240131
140617	226165
201173	186602
278547	208961
255074	240135
272871	269364
201293	186788
176089	208965
214476	170206
214478	275677
255080	187655
255081	240142
272876	269369
266024	156451
230672	186536
255085	187547
255086	240148
255087	186858
255089	240150
255090	186764
255091	240152
266025	275679
214482	170214
272879	269372
201254	186597
255096	240158
255097	157591
201183	186758
272880	269375
222223	218307
230681	226181
272882	269377
272884	269379
255105	187420
255106	240172
255107	240173
201223	187717
201221	275688
255110	240176
222228	218312
266034	218313
176110	261711
255114	240181
214496	218315
222233	218317
255117	240186
272889	269385
266038	170232
255120	240189
255121	240190
272891	170235
255123	226194
165514	165509
272894	269389
214509	275698
255129	240198
201198	226200
230697	186811
201227	186696
272896	269392
222242	269393
266046	261724
230700	226203
278571	269394
222245	269396
230702	226205
266048	170249
272902	269398
272904	269402
201295	261729
201262	226210
161851	161852
255145	240218
255146	186585
222253	218338
255148	240221
201174	240223
222254	209018
272907	269406
222256	218342
136062	170260
272910	261735
230713	226218
278581	269410
266057	261737
255158	240232
176143	170265
152298	170270
255161	187045
272913	269413
255163	240239
255164	240240
201276	170273
255166	240242
255167	240243
255168	240244
266061	261744
201190	187255
222262	275717
272914	269417
214536	275719
255174	240250
201281	187653
272916	269419
272917	269420
255178	240254
273659	269573
223125	275849
177542	174399
204628	197215
273622	271879
204626	229357
258751	250915
256902	241614
273271	269749
266532	262179
278899	269748
256906	241609
215145	275992
278901	262176
273276	269744
149258	146754
203067	189050
256913	241601
273277	269743
266538	209612
273278	188604
256917	241598
203096	188965
273279	154060
203082	188648
256921	241592
231269	189456
256923	188811
151319	188744
256925	241588
215156	262171
256927	226647
256928	241583
256929	241582
155364	170857
266543	262169
256932	241579
256933	241578
256934	241577
273280	269741
203114	189593
215162	209599
155388	155384
278909	275984
273282	269739
203072	188593
273283	269737
273285	269735
273286	269732
256948	241563
273289	269731
231281	188525
266552	262159
256954	241558
273291	269729
231283	189108
256957	140767
215175	209583
203046	209581
273292	269727
256961	241551
256962	241550
203109	188826
266557	172037
176887	210707
203074	190515
256967	190862
256968	243645
203078	190920
176888	172032
203089	190861
256973	243633
141665	140828
273293	270364
273294	268222
251437	240876
251438	240875
251439	240874
251440	240873
251441	261946
251443	240868
251446	261943
264991	261942
264992	261941
251450	218526
251451	240860
251452	240859
272027	269565
251454	240855
272028	269567
251457	240857
251458	240858
221267	269564
197983	188344
159703	188261
251465	240847
251466	240846
251468	240844
152982	240842
251471	261935
197977	226433
251473	240836
251477	240828
197965	187968
251480	240831
251485	240823
251486	240822
264996	188173
251492	240816
251494	240814
251495	240813
251496	240812
251497	240811
251501	240802
221270	218513
251503	240800
155274	165193
229603	179041
197980	187897
213197	139202
272032	269558
264999	275840
251517	261925
251518	261924
251519	240789
251520	240786
251521	240785
251523	240782
272034	269555
272035	269554
251526	240779
164826	164833
251529	226424
221276	218506
272037	269553
272038	218504
251533	240772
251535	240771
197911	187984
251538	240768
251539	188414
221279	269552
251543	143223
213199	209324
197960	188270
174626	170563
265007	269549
251552	261913
251553	240751
213204	209318
174631	188100
140799	158972
155859	188281
272042	218498
221284	269548
197929	188076
272043	269547
197921	187909
251575	240735
251576	240731
251579	187992
272045	269546
265015	261904
151585	140994
251585	240724
265016	269545
251587	235077
251588	240720
251589	240719
272047	269543
251591	240716
251594	240713
251595	240712
251596	240711
251597	240709
251599	240707
251601	240704
251602	240703
251603	240700
204720	229048
177569	174024
258766	178606
258767	233180
231778	229044
273642	271632
267007	261302
154832	155174
153378	167142
258658	259650
165792	168097
144300	153281
152966	162426
255631	268289
160735	162398
176330	168094
255636	236677
201725	183391
255638	236674
138248	148113
214701	206917
176336	206915
255642	250012
230861	224781
201716	206912
273024	217157
255647	236667
201779	182728
176342	168079
255653	236662
266201	260362
255655	236660
201778	236659
255657	236658
201730	182892
255659	236656
255660	236655
266202	260361
255662	236651
266203	260360
255664	260359
160088	182730
255666	236647
201718	236646
222389	260357
266204	274757
151327	274756
273027	268279
255674	236638
255675	236637
222393	217149
143212	183417
255680	236630
222394	268274
273031	268273
255682	236628
266208	260349
266209	206898
201761	183132
255687	274749
222398	217143
255690	236621
201733	182945
266210	236618
201706	182659
162830	162829
230876	217142
255696	183462
273033	268268
255698	236612
176347	274747
201738	183104
255701	236608
273035	217139
255703	236606
273036	268266
201734	183698
164104	236602
230882	206884
255710	183424
201775	183169
255714	236586
230884	236585
255718	206881
255719	236579
222406	268259
153816	153818
255722	236576
255724	236574
200351	186784
200496	187135
254001	170286
200489	218358
175692	170289
254004	187552
230394	187737
221956	269426
265738	187533
254008	226243
254009	187606
142057	163445
200430	186935
254013	240285
200512	187013
254015	240287
200421	226248
254020	240289
254021	240290
254022	186926
254023	187133
144027	144038
254025	156423
200513	187198
265741	240296
254028	240297
254029	240298
254030	226251
254031	240302
254032	157212
221961	261762
163025	163026
254036	240307
254037	240308
254038	238930
265743	261764
272655	269433
254042	240312
200363	186978
278373	209072
200357	240315
150492	159831
175707	170314
146150	209078
254049	226261
200468	240320
254051	240321
265747	261769
272656	269435
272657	170322
214147	209086
200515	187063
214150	209088
254058	170332
162092	142575
230412	186987
254061	240337
254062	187676
272658	269439
230414	226271
200464	139843
254066	187600
200414	226275
221968	218376
200431	187418
254070	269442
272661	209104
254072	240351
265755	170346
175729	275746
254075	240354
200370	187753
200427	187408
214158	209112
272666	269448
200444	159680
221975	218384
254080	240360
221976	218385
265760	261789
272671	269453
214174	261793
265765	261794
200487	187097
254089	240369
254090	240370
214176	261795
221982	218391
254094	240373
272674	269456
254096	209131
254097	240376
254098	240378
141955	141956
200422	158204
254101	240382
254103	240384
175756	170369
272675	269458
265770	261801
254107	240388
200469	186407
272676	269460
143088	143087
154776	144870
200428	240393
214190	170374
254114	240395
230433	226299
254116	240397
200507	240398
230434	226300
254119	240400
230435	159706
254121	240402
254122	240403
254124	240405
254125	240408
265775	261807
214195	163377
265777	209147
254131	240412
254132	240413
159105	160613
265780	209155
272683	269467
145103	145096
175784	170399
200499	186737
175786	275769
254140	240421
254141	240422
254142	240423
272686	269470
265785	261817
254145	138760
202789	194355
266461	263989
202833	228533
142993	247777
256636	247776
163614	163615
266464	263986
273222	211930
273223	271220
160481	151248
202805	247771
278858	277206
141108	150882
266468	263982
256646	194134
202782	194234
215058	211926
273225	271219
231195	247761
202857	194132
273226	271218
278863	173311
256655	247757
202777	194280
273228	271216
160429	151173
256659	247751
202869	228521
222631	173310
278865	211920
202779	194262
202804	247746
256666	247745
202848	162531
164160	164176
144272	154304
202815	194131
222633	220347
256670	247742
144997	163374
256671	247740
256672	247739
202854	194212
202844	247737
256675	247736
202860	277196
161681	228514
266480	263968
256679	247732
202820	194432
273232	271211
256682	247729
256683	247727
256684	247726
202814	247725
256686	247724
202838	194288
256688	247722
215077	220344
273234	271209
256692	247718
215080	271208
256694	247716
202803	189178
202837	188893
256700	241797
149682	149688
202841	241799
151859	151858
202793	188553
176774	171000
256705	189174
222640	269829
176776	171004
256708	241805
204636	197267
266983	264809
279208	262040
223100	218597
267002	262041
255462	195672
255464	249090
255465	249089
255466	249088
214672	228976
272995	220742
266160	249080
214677	271573
201626	195685
255476	249079
255477	249078
255482	239818
255483	249074
255484	249071
266162	249067
272998	271567
255490	271566
222358	173923
255492	249061
266165	271563
255494	249059
255495	249056
255497	249054
255498	249053
266166	212519
255501	249049
273003	271559
273005	271561
201621	195772
255507	249043
273006	271557
255510	249039
266171	264392
230837	228961
230839	148212
266172	249033
255517	249032
201646	195715
142639	142640
222365	277491
255521	249028
266173	249027
255523	249025
222366	220721
255528	249022
255529	249021
255532	249016
201631	249013
255535	249011
255284	264832
272945	271916
272947	271917
255287	250746
201466	229427
255290	250751
255291	250755
201459	197327
255293	250759
214590	213035
201467	197337
145251	145261
255297	250764
255300	271920
255301	250766
266103	142382
255304	250772
266104	264839
255306	264840
214598	277781
201447	197257
201456	250780
255313	250782
255315	239167
255317	250784
255318	197328
272951	271924
255322	250794
255323	250793
255324	250792
255330	250786
255332	250799
266108	174471
230774	229440
255336	250803
272952	221144
272953	271926
255342	250808
161627	161630
255344	250810
255347	197251
272954	277785
255349	250815
255351	250817
222306	271929
255353	250819
222307	221150
154222	151892
155033	154427
202353	234569
256217	234568
202327	180503
214893	206137
273145	234560
273146	267813
155077	155065
139090	179801
256223	234557
256224	234556
256225	234555
256226	234554
273148	267811
202328	180802
256229	234552
266360	259744
231050	224152
151702	151703
202295	180844
202366	181247
202300	180356
202359	181471
273149	267809
231053	179932
256240	234535
273150	267808
202269	181286
139208	139255
139213	139218
273152	267806
202364	234527
202287	155230
231057	224143
151634	151944
231058	181231
256253	135945
273153	206118
256255	181045
162356	152930
256257	234516
231060	181115
256259	234514
202315	180577
176571	234510
273154	259733
202326	167272
202371	234505
256269	234504
222541	259729
273156	267798
214918	206099
256273	234500
256274	234499
256275	234498
256276	234497
256277	180417
256278	234495
176581	167262
273157	267797
273158	267796
266377	206092
140771	180910
256286	234489
202264	181250
256288	180449
162871	267794
256290	234484
256291	234483
256292	234482
256293	234481
256294	234480
202376	181482
202342	140762
273159	267793
273160	267792
155023	155021
256300	234474
273161	267791
266382	234471
144581	145533
231081	234461
202309	181343
273163	267784
256309	234458
258568	250049
258569	250047
258570	277675
204845	232663
223128	267296
258682	237147
273656	225015
258698	267123
273657	267124
258699	152094
254950	239774
254951	239775
265964	208666
265965	208671
254955	239780
278505	208673
144893	187317
143434	225992
254958	187452
254959	239785
254960	261519
214395	169912
222162	169917
272825	269221
201143	186513
278508	275553
278509	208692
254967	239799
214400	208694
144123	154112
201070	186891
254970	239802
156558	156569
230617	186837
272830	169934
254975	245443
278511	239807
254981	186500
254983	269231
265974	261534
230621	226008
254986	146501
201090	187556
272832	269232
201161	187617
272833	218162
272834	269234
201108	187057
145146	145130
272835	275562
254994	226018
214409	208713
201127	186888
148885	269238
254998	239837
272836	275565
272837	208718
214414	261544
272840	269243
272842	269244
272843	275571
255007	187478
265986	261548
272845	269249
214420	208732
222185	269250
255011	261552
265989	261553
265990	187271
272849	269255
272850	269256
214421	169979
255017	161174
149930	159321
255019	187146
265994	261558
255021	239861
255022	239862
144590	154598
201122	226038
255024	261560
255025	159322
255026	239867
255027	239868
272853	269259
214431	169988
272857	269262
255031	239872
214437	208755
255033	245186
255035	208758
230649	226043
222200	269267
222202	218197
230652	239880
214447	154934
255043	239882
214453	208772
176060	261573
266005	208777
201092	187138
266006	261575
272864	269272
266008	208780
201125	148676
222205	170022
255053	239894
201075	161387
255055	239897
255056	239898
201149	187451
266726	260825
273434	268664
215427	207628
257596	260828
257597	184174
257599	233664
222871	217566
203775	183930
257607	246726
257609	237766
273436	268668
257611	237768
273437	268669
215429	207636
257616	159628
215433	268671
203789	237775
273440	268672
203781	184581
273441	268673
273444	217573
215442	207649
257624	237783
257627	237787
257628	237788
222881	217577
203783	184116
266740	207653
257632	237793
203792	183832
203772	165369
177172	168857
257636	237802
257494	232734
257495	178801
215380	259124
273405	216133
257499	267322
257500	232727
203667	138305
215382	205346
273407	205343
257504	223513
273408	267319
266703	267318
273411	267316
273414	267314
257510	232718
231448	179299
266706	267312
231450	178087
231451	177977
203673	178347
222849	267311
231452	232709
257518	232708
257519	232707
257520	232706
143368	143375
142912	162505
163999	232703
257524	179315
231455	223502
203685	223501
203669	179536
231457	223500
177109	259111
273416	267309
273417	267308
149963	223496
257533	232692
257534	232691
257535	232690
222852	216117
273419	267306
215395	273909
257538	232687
203660	232686
279024	259106
162874	153122
257542	232683
177575	212944
215781	212947
204790	156631
204791	195087
258696	236711
258755	235488
258676	233675
258531	233710
267017	237454
258709	238356
258580	248017
222995	221097
273549	271885
279129	277751
204309	197166
204329	196981
258166	250529
204305	250530
266898	250531
204332	197165
258171	250533
258172	250534
258177	229452
231650	197601
258180	250839
258181	197464
258182	227665
258715	241195
223079	271988
144045	142899
258666	252529
273594	272819
231712	229268
258687	216036
258635	239612
154311	239013
258679	250929
258724	233394
215820	276499
279206	259678
258677	265572
258746	232081
204625	197582
258472	251018
258476	146215
145479	143073
